page	refimg	chapitre
[sans numérotation]	0001	[Page de faux-titre]
[sans numérotation]	0002	[Mention d'imprimeur]
[sans numérotation]	0003	[Page de titre]
[sans numérotation]	0004	Submersion
2	0005	Submersion
3	0006	Submersion
4	0007	Submersion
5	0008	Submersion
6	0009	Submersion
7	0010	Submersion
8	0011	Submersion
9	0012	Submersion
10	0013	Submersion
11	0014	Submersion
12	0015	Submersion
13	0016	Submersion
14	0017	Submersion
15	0018	Submersion
16	0019	Submersion
17	0020	Submersion
18	0021	Submersion
19	0022	Submersion
20	0023	Submersion
21	0024	Submersion
22	0025	Submersion
23	0026	Submersion
24	0027	Submersion
25	0028	Submersion
26	0029	Submersion
27	0030	Submersion
28	0031	Submersion
29	0032	Submersion
30	0033	Submersion
31	0034	Submersion
32	0035	Submersion
33	0036	Submersion
34	0037	Submersion
35	0038	Submersion
36	0039	Submersion
37	0040	Submersion
38	0041	Submersion
39	0042	Submersion. Sucre
40	0043	Sucre
41	0044	Sucre
42	0045	Sucre
43	0046	Sucre
44	0047	Sucre
45	0048	Sucre
46	0049	Sucre
47	0050	Sucre. Sudamina
48	0051	Sudamina
49	0052	Sudamina
50	0053	Sudamina.  Sudorifiques
51	0054	Sudorifiques
52	0055	Sudorifiques
53	0056	Sudorifiques
54	0057	Sudorifiques
55	0058	Sudorifiques
56	0059	Sudorifiques
57	0060	Sudorifiques
58	0061	Sudorifiques
59	0062	Suette Miliaire
60	0063	Suette Miliaire
61	0064	Suette Miliaire
62	0065	Suette Miliaire
63	0066	Suette Miliaire
64	0067	Suette Miliaire
65	0068	Suette Miliaire
66	0069	Suette Miliaire
67	0070	Suette Miliaire
68	0071	Suette Miliaire
69	0072	Suette Miliaire
70	0073	Suette Miliaire
71	0074	Suette Miliaire
72	0075	Suette Miliaire
73	0076	Suette Miliaire
74	0077	Suette Miliaire
75	0078	Suette Miliaire
76	0079	Suette Miliaire
77	0080	Suette Miliaire
78	0081	Suette Miliaire
79	0082	Suette Miliaire
80	0083	Suette Miliaire
81	0084	Suette Miliaire
82	0085	Suette Miliaire
83	0086	Suette Miliaire
84	0087	Suette Miliaire
85	0088	Suette Miliaire
86	0089	Suette Miliaire. Sueur
87	0090	Sueur
88	0091	Sueur
89	0092	Sueur
90	0093	Sueur
91	0094	Sueur
92	0095	Sueur
93	0096	Sueur
94	0097	Sueur
95	0098	Sueur
96	0099	Sueur
97	0100	Sueur
98	0101	Sueur
99	0102	Sueur
100	0103	Sueur
101	0104	Sueur
102	0105	Sueur
103	0106	Sueur
104	0107	Sueur
105	0108	Sueur
106	0109	Sueur
107	0110	Sueur
108	0111	Sueur
109	0112	Sueur
110	0113	Sueur
111	0114	Sueur
112	0115	Sueur
113	0116	Sueur
114	0117	Sueur
115	0118	Sueur
116	0119	Sueur
117	0120	Sueur
118	0121	Sueur
119	0122	Sueur
120	0123	Sueur
121	0124	Sueur
122	0125	Sueur
123	0126	Sueur
124	0127	Sueur
125	0128	Sueur
126	0129	Sueur
127	0130	Sueur
128	0131	Sueur
129	0132	Sueur
130	0133	Sueur
131	0134	Sueur
132	0135	Sueur
133	0136	Sueur
134	0137	Sueur
135	0138	Sueur
136	0139	Sueur
137	0140	Sueur
138	0141	Sueur
139	0142	Sueur
140	0143	Sueur
141	0144	Sueur
142	0145	Sueur
143	0146	Sueur
144	0147	Suffocation
145	0148	Suffocation
146	0149	Suffocation
147	0150	Suffocation
148	0151	Suffocation
149	0152	Suffocation
150	0153	Suffocation
151	0154	Suffocation
152	0155	Suffocation
153	0156	Suffocation
154	0157	Suffocation
155	0158	Suffocation
156	0159	Suffocation
157	0160	Suffocation
158	0161	Suffocation
159	0162	Suffocation
160	0163	Suffocation
161	0164	Suffocation
162	0165	Suffocation
163	0166	Suffocation
164	0167	Suffocation
165	0168	Suffocation
166	0169	Suffocation
167	0170	Suffocation
168	0171	Suffocation
169	0172	Suffocation. Suicide
170	0173	Suicide
171	0174	Suicide
172	0175	Suicide
173	0176	Suicide
174	0177	Suicide
175	0178	Suicide
176	0179	Suicide
177	0180	Suicide
178	0181	Suicide
179	0182	Suicide
180	0183	Suicide
181	0184	Suicide
182	0185	Suicide
183	0186	Suicide
184	0187	Suicide
185	0188	Suicide
186	0189	Suicide
187	0190	Suicide
188	0191	Suicide
189	0192	Suicide
190	0193	Suicide
191	0194	Suicide
192	0195	Suicide
193	0196	Suicide
194	0197	Suicide
195	0198	Suicide
196	0199	Suicide. Superfétation
197	0200	Superfétation
198	0201	Superfétation
199	0202	Superfétation
200	0203	Superfétation
201	0204	Superfétation
202	0205	Superfétation
203	0206	Superfétation
204	0207	Superfétation
205	0208	Superfétation
206	0209	Superfétation
207	0210	Superfétation
208	0211	Superfétation
209	0212	Superfétation
210	0213	Superfétation
211	0214	Superfétation
212	0215	Superfétation
213	0216	Superfétation
214	0217	Superfétation
215	0218	Superfétation
216	0219	Superfétation. Suppositoire
217	0220	Suppositoire
218	0221	Suppositoire
219	0222	Suppositoire
220	0223	Suppositoire. Surdité
221	0224	Surdité
222	0225	Surdité
223	0226	Surdité
224	0227	Surdité
225	0228	Surdité
226	0229	Surdité
227	0230	Surdité
228	0231	Surdité
229	0232	Surdité
230	0233	Surdité
231	0234	Surdité
232	0235	Surdité
233	0236	Surdité
234	0237	Surdité
235	0238	Surdité
236	0239	Surdité
237	0240	Surdité
238	0241	Surdité
239	0242	Surdité
240	0243	Surdité
241	0244	Surdité
242	0245	Surdité
243	0246	Surdité
244	0247	Surdité
245	0248	Surdité
246	0249	Surdité
247	0250	Surdité
248	0251	Surdité
249	0252	Surdité
250	0253	Surdité
251	0254	Surdité
252	0255	Surdité
253	0256	Surdité
254	0257	Surdité
255	0258	Surdité
256	0259	Surdité
257	0260	Surdité
258	0261	Surdité
259	0262	Surdité
260	0263	Surdité
261	0264	Surdité
262	0265	Surdité
263	0266	Surdité
264	0267	Surdité
265	0268	Surdité
266	0269	Surdité
267	0270	Surdité
268	0271	Surdité
269	0272	Surdité
270	0273	Surdité
271	0274	Surdité
272	0275	Surdité
273	0276	Surdité
274	0277	Surdité
275	0278	Surdité
276	0279	Surdité
277	0280	Surdité
278	0281	Surdité
279	0282	Surdité. Surdi-mutité
280	0283	Surdi-mutité
281	0284	Surdi-mutité
282	0285	Surdi-mutité
283	0286	Surdi-mutité
284	0287	Surdi-mutité
285	0288	Surdi-mutité
286	0289	Surdi-mutité
287	0290	Surdi-mutité
288	0291	Surdi-mutité
289	0292	Surdi-mutité
290	0293	Surdi-mutité
291	0294	Surdi-mutité
292	0295	Surdi-mutité
293	0296	Surdi-mutité
294	0297	Surdi-mutité
295	0298	Surdi-mutité
296	0299	Surdi-mutité
297	0300	Surdi-mutité. Sureau
298	0301	Sureau. Suspensoir
299	0302	Suspensoir
300	0303	Suspensoir. Suture
301	0304	Suture
302	0305	Suture
303	0306	Suture
304	0307	Suture
305	0308	Suture
306	0309	Suture. Sycosis
307	0310	Sycosis
308	0311	Sycosis
309	0312	Sycosis
310	0313	Sycosis
311	0314	Sycosis
312	0315	Sycosis
313	0316	Sycosis
314	0317	Sycosis
315	0318	Sycosis
316	0319	Sycosis
317	0320	Sycosis
318	0321	Syncope
319	0322	Syncope
320	0323	Syncope
321	0324	Syncope
322	0325	Syncope
323	0326	Syncope
324	0327	Syncope
325	0328	Syncope
326	0329	Syncope
327	0330	Syncope
328	0331	Syncope
329	0332	Syncope
330	0333	Syncope
331	0334	Syncope
332	0335	Syncope
333	0336	Syncope
334	0337	Syncope
335	0338	Syncope
336	0339	Syncope
337	0340	Syncope
338	0341	Syncope. Synoviales
339	0342	Synoviales
340	0343	Synoviales
341	0344	Synoviales
342	0345	Synoviales
343	0346	Synoviales
344	0347	Synoviales
345	0348	Synoviales
346	0349	Synoviales
347	0350	Synoviales
348	0351	Synoviales
349	0352	Synoviales
350	0353	Synoviales
351	0354	Synoviales
352	0355	Synoviales
353	0356	Synoviales
354	0357	Synoviales
355	0358	Synoviales
356	0359	Synoviales
357	0360	Synoviales
358	0361	Synoviales
359	0362	Synoviales
360	0363	Synoviales
361	0364	Synoviales
362	0365	Synoviales
363	0366	Synoviales
364	0367	Synoviales
365	0368	Synoviales
366	0369	Synoviales
367	0370	Synoviales
368	0371	Synoviales
369	0372	Synoviales
370	0373	Synoviales
371	0374	Synoviales
372	0375	Synoviales
373	0376	Synoviales
374	0377	Synoviales
375	0378	Synoviales
376	0379	Synoviales
377	0380	Synoviales
378	0381	Synoviales
379	0382	Synoviales
380	0383	Synoviales
381	0384	Synoviales
382	0385	Synoviales
383	0386	Synoviales
384	0387	Synoviales
385	0388	Synoviales
386	0389	Synoviales
387	0390	Synoviales
388	0391	Synoviales
389	0392	Synoviales
390	0393	Synoviales
391	0394	Synoviales
392	0395	Synoviales
393	0396	Synoviales
394	0397	Synoviales
395	0398	Synoviales
396	0399	Synoviales
397	0400	Synoviales
398	0401	Synoviales
399	0402	Synoviales
400	0403	Synoviales
401	0404	Synoviales
402	0405	Synoviales
403	0406	Synoviales
404	0407	Synoviales
405	0408	Synoviales
406	0409	Synoviales
407	0410	Synoviales
408	0411	Synoviales
409	0412	Synoviales
410	0413	Synoviales
411	0414	Synoviales
412	0415	Synoviales
413	0416	Synoviales
414	0417	Synoviales
415	0418	Synoviales
416	0419	Synoviales
417	0420	Synoviales
418	0421	Synoviales
419	0422	Synoviales
420	0423	Synoviales
421	0424	Synoviales
422	0425	Synoviales
423	0426	Synoviales
424	0427	Synoviales
425	0428	Synoviales
426	0429	Synoviales
427	0430	Synoviales
428	0431	Synoviales
429	0432	Synoviales
430	0433	Synoviales
431	0434	Synoviales
432	0435	Synoviales. Syphilides
433	0436	Syphilides
434	0437	Syphilides
435	0438	Syphilides
436	0439	Syphilides
437	0440	Syphilides
438	0441	Syphilides
439	0442	Syphilides
440	0443	Syphilides
441	0444	Syphilides
442	0445	Syphilides
443	0446	Syphilides
444	0447	Syphilides
445	0448	Syphilides
446	0449	Syphilides
447	0450	Syphilides
448	0451	Syphilides
449	0452	Syphilides
450	0453	Syphilides
451	0454	Syphilides
452	0455	Syphilides
453	0456	Syphilides
454	0457	Syphilides
455	0458	Syphilides
456	0459	Syphilides
457	0460	Syphilides
458	0461	Syphilides
459	0462	Syphilides
460	0463	Syphilides
461	0464	Syphilides
462	0465	Syphilides
463	0466	Syphilides
464	0467	Syphilides
465	0468	Syphilides
466	0469	Syphilides
467	0470	Syphilides
468	0471	Syphilides
469	0472	Syphilides
470	0473	Syphilides
471	0474	Syphilides
472	0475	Syphilides
473	0476	Syphilides
474	0477	Syphilides
475	0478	Syphilides
476	0479	Syphilides
477	0480	Syphilides
478	0481	Syphilides
479	0482	Syphilides
480	0483	Syphilides
481	0484	Syphilides
482	0485	Syphilides
483	0486	Syphilides
484	0487	Syphilides
485	0488	Syphilides
486	0489	Syphilides
487	0490	Syphilides
488	0491	Syphilides
489	0492	Syphilides
490	0493	Syphilides
491	0494	Syphilides
492	0495	Syphilides
493	0496	Syphilides
494	0497	Syphilides
495	0498	Syphilides
496	0499	Syphilides
497	0500	Syphilides
498	0501	Syphilides
499	0502	Syphilides
500	0503	Syphilides
501	0504	Syphilides
502	0505	Syphilides
503	0506	Syphilides
504	0507	Syphilides
505	0508	Syphilides
506	0509	Syphilides
507	0510	Syphilides
508	0511	Syphilides
509	0512	Syphilides
510	0513	Syphilides
511	0514	Syphilides
512	0515	Syphilides
513	0516	Syphilides
514	0517	Syphilides
515	0518	Syphilides
516	0519	Syphilides
517	0520	Syphilides
518	0521	Syphilides
519	0522	Syphilides
520	0523	Syphilides
521	0524	Syphilides
522	0525	Syphilides
523	0526	Syphilides
524	0527	Syphilides
525	0528	Syphilides
526	0529	Syphilides
527	0530	Syphilides
528	0531	Syphilides
529	0532	Syphilides
530	0533	Syphilides
531	0534	Syphilides
532	0535	Syphilides
533	0536	Syphilides
534	0537	Syphilides
535	0538	Syphilides
536	0539	Syphilides
537	0540	Syphilides
538	0541	Syphilides
539	0542	Syphilides
540	0543	Syphilides
541	0544	Syphilides
542	0545	Syphilides
543	0546	Syphilides
544	0547	Syphilides
545	0548	Syphilides
546	0549	Syphilides
547	0550	Syphilides
548	0551	Syphilides
549	0552	Syphilides
550	0553	Syphilides
551	0554	Syphilides
552	0555	Syphilides
553	0556	Syphilides
554	0557	Syphilides
555	0558	Syphilides
556	0559	Syphilides
557	0560	Syphilides
558	0561	Syphilides
559	0562	Syphilides
560	0563	Syphilides
561	0564	Syphilides
562	0565	Syphilides
563	0566	Syphilides
564	0567	Syphilides
565	0568	Syphilides
566	0569	Syphilides
567	0570	Syphilides
568	0571	Syphilides
569	0572	Syphilides
570	0573	Syphilides
571	0574	Syphilides
572	0575	Syphilides
573	0576	Syphilides
574	0577	Syphilides
575	0578	Syphilides
576	0579	Syphilides
577	0580	Syphilides
578	0581	Syphilides
579	0582	Syphilides
580	0583	Syphilides
581	0584	Syphilides
582	0585	Syphilides
583	0586	Syphilides
584	0587	Syphilides
585	0588	Syphilides
586	0589	Syphilides
587	0590	Syphilides
588	0591	Syphilides
589	0592	Syphilides
590	0593	Syphilides
591	0594	Syphilides
592	0595	Syphilides
593	0596	Syphilides
594	0597	Syphilides
595	0598	Syphilides
596	0599	Syphilides
597	0600	Syphilides
598	0601	Syphilis
599	0602	Syphilis
600	0603	Syphilis
601	0604	Syphilis
602	0605	Syphilis
603	0606	Syphilis
604	0607	Syphilis
605	0608	Syphilis
606	0609	Syphilis
607	0610	Syphilis
608	0611	Syphilis
609	0612	Syphilis
610	0613	Syphilis
611	0614	Syphilis
612	0615	Syphilis
613	0616	Syphilis
614	0617	Syphilis
615	0618	Syphilis
616	0619	Syphilis
617	0620	Syphilis
618	0621	Syphilis
619	0622	Syphilis
620	0623	Syphilis
621	0624	Syphilis
622	0625	Syphilis
623	0626	Syphilis
624	0627	Syphilis
625	0628	Syphilis
626	0629	Syphilis
627	0630	Syphilis
628	0631	Syphilis
629	0632	Syphilis
630	0633	Syphilis
631	0634	Syphilis
632	0635	Syphilis
633	0636	Syphilis
634	0637	Syphilis
635	0638	Syphilis
636	0639	Syphilis
637	0640	Syphilis
638	0641	Syphilis
639	0642	Syphilis
640	0643	Syphilis
641	0644	Syphilis
642	0645	Syphilis
643	0646	Syphilis
644	0647	Syphilis
645	0648	Syphilis
646	0649	Syphilis
647	0650	Syphilis
648	0651	Syphilis
649	0652	Syphilis
650	0653	Syphilis
651	0654	Syphilis
652	0655	Syphilis
653	0656	Syphilis
654	0657	Syphilis
655	0658	Syphilis
656	0659	Syphilis
657	0660	Syphilis
658	0661	Syphilis
659	0662	Syphilis
660	0663	Syphilis
661	0664	Syphilis
662	0665	Syphilis
663	0666	Syphilis
664	0667	Syphilis
665	0668	Syphilis
666	0669	Syphilis
667	0670	Syphilis
668	0671	Syphilis
669	0672	Syphilis
670	0673	Syphilis
671	0674	Syphilis
672	0675	Syphilis
673	0676	Syphilis
674	0677	Syphilis
675	0678	Syphilis
676	0679	Syphilis
677	0680	Syphilis
678	0681	Syphilis
679	0682	Syphilis
680	0683	Syphilis
681	0684	Syphilis
682	0685	Syphilis
683	0686	Syphilis
684	0687	Syphilis
685	0688	Syphilis
686	0689	Syphilis
687	0690	Syphilis
688	0691	Syphilis
689	0692	Syphilis
690	0693	Syphilis
691	0694	Syphilis
692	0695	Syphilis
693	0696	Syphilis
694	0697	Syphilis
695	0698	Syphilis
696	0699	Syphilis
697	0700	Syphilis
698	0701	Syphilis
699	0702	Syphilis
700	0703	Syphilis
701	0704	Syphilis
702	0705	Syphilis
703	0706	Syphilis
704	0707	Syphilis
705	0708	Syphilis
706	0709	Syphilis
707	0710	Syphilis
708	0711	Syphilis
709	0712	Syphilis
710	0713	Syphilis
711	0714	Syphilis
712	0715	Syphilis
713	0716	Syphilis
714	0717	Syphilis
715	0718	Syphilis
716	0719	Syphilis
717	0720	Syphilis
718	0721	Syphilis
719	0722	Syphilis
720	0723	Syphilis
721	0724	Syphilis
722	0725	Syphilis
723	0726	Syphilis
724	0727	Syphilis
725	0728	Syphilis
726	0729	Syphilis
727	0730	Syphilis
728	0731	Syphilis
729	0732	Syphilis
730	0733	Syphilis
731	0734	Syphilis
732	0735	Syphilis
733	0736	Syphilis
734	0737	Syphilis
735	0738	Syphilis
736	0739	Syphilis
737	0740	Syphilis
738	0741	Syphilis
739	0742	Syphilis
740	0743	Syphilis
741	0744	Syphilis
742	0745	Syphilis
743	0746	Syphilis
744	0747	Syphilis
745	0748	Syphilis
746	0749	Syphilis
747	0750	Syphilis
748	0751	Syphilis
749	0752	Syphilis
750	0753	Syphilis
751	0754	Syphilis
752	0755	Syphilis
753	0756	Syphilis
754	0757	Syphilis
755	0758	Syphilis
756	0759	Syphilis
757	0760	Syphilis
758	0761	Syphilis
759	0762	Syphilis
760	0763	Syphilis
761	0764	Syphilis
762	0765	Syphilis
763	0766	Syphilis
764	0767	Syphilis
765	0768	Syphilis
766	0769	Syphilis
767	0770	Syphilis
768	0771	Syphilis
769	0772	Syphilis
770	0773	Syphilis
771	0774	Syphilis
772	0775	Syphilis
773	0776	Syphilis
776	0777	Syphilis
777	0778	Syphilis
778	0779	Syphilis
779	0780	Syphilis
780	0781	Syphilis
781	0782	Syphilis
782	0783	Syphilis
783	0784	Syphilis
784	0785	Syphilis
785	0786	Syphilis
786	0787	Syphilis
787	0788	Syphilis
788	0789	Syphilis
789	0790	Syphilis
790	0791	Syphilis
791	0792	Syphilis
792	0793	Syphilis
793	0794	Syphilis
794	0795	Syphilis
795	0796	Syphilis
796	0797	Syphilis
797	0798	Syphilis
798	0799	Syphilis
799	0800	Syphilis
800	0801	Syphilis
801	0802	Syphilis
802	0803	Syphilis
803	0804	Syphilis
804	0805	Syphilis
805	0806	Syphilis
806	0807	Syphilis
807	0808	Syphilis
808	0809	Syphilis
809	0810	Syphilis
810	0811	Syphilis
811	0812	Syphilis
812	0813	Syphilis
813	0814	Syphilis
814	0815	Syphilis
815	0816	Syphilis
816	0817	Syphilis
817	0818	Syphilis
818	0819	Syphilis
819	0820	Syphilis
820	0821	Syphilis
821	0822	Syphilis
822	0823	Syphilis
823	0824	Syphilis
824	0825	Syphilis
825	0826	Syphilis
826	0827	Syphilis
827	0828	Syphilis
828	0829	Syphilis
829	0830	Syphilis
830	0831	Syphilis
831	0832	Syphilis
832	0833	Syphilis
833	0834	Syphilis
834	0835	Syphilis
835	0836	Syphilis
836	0837	Syphilis
837	0838	Syphilis
838	0839	Syphilis
839	0840	Syphilis
840	0841	Syphilis
841	0842	Syphilis
842	0843	Syphilis
843	0844	Syphilis
844	0845	Syphilis
845	0846	Syphilis
846	0847	Syphilis
847	0848	Syphilis
848	0849	Syphilis
849	0850	Syphilis
850	0851	Syphilis
851	0852	Syphilis
852	0853	Syphilis
853	0854	Syphilis
854	0855	Syphilis
855	0856	Syphilis
856	0857	Syphilis
857	0858	Syphilis
858	0859	Syphilis
859	0860	Syphilis
860	0861	Syphilis
861	0862	Syphilis
862	0863	Syphilis
863	0864	Syphilis
864	0865	Syphilis
865	0866	Syphilis
866	0867	Syphilis
867	0868	Syphilis
868	0869	Syphilis
869	0870	Syphilis
870	0871	Syphilis
871	0872	Syphilis
872	0873	Syphilis
873	0874	Syphilis
874	0875	Syphilis
875	0876	Syphilis
876	0877	Syphilis
877	0878	Syphilis
878	0879	Syphilis
879	0880	Syphilis
880	0881	Syphilis
881	0882	Syphilis
882	0883	Syphilis
883	0884	Syphilis
884	0885	Syphilis
885	0886	Syphilis
886	0887	Syphilis
887	0888	Syphilis
888	0889	Syphilis
889	0890	Syphilis
890	0891	Syphilis
891	0892	Syphilis
892	0893	Syphilis
893	0894	Syphilis
894	0895	Syphilis
895	0896	Syphilis
896	0897	Syphilis
897	0898	Syphilis
898	0899	Syphilis
899	0900	Syphilis
900	0901	Syphilis
901	0902	Syphilis
902	0903	Syphilis
903	0904	Syphilis
904	0905	Syphilis
905	0906	Syphilis
906	0907	Syphilis
907	0908	Syphilis
908	0909	Syphilis
909	0910	Syphilis
910	0911	Syphilis
911	0912	Syphilis
912	0913	Syphilis
913	0914	Syphilis
914	0915	Syphilis
915	0916	Syphilis
916	0917	Syphilis
917	0918	Syphilis
918	0919	Syphilis
919	0920	Syphilis
920	0921	Syphilis
921	0922	Syphilis
922	0923	Syphilis
923	0924	Syphilis
924	0925	Syphilis
925	0926	Syphilis
926	0927	Syphilis
927	0928	Syphilis
928	0929	Syphilis
929	0930	Syphilis
930	0931	Syphilis
931	0932	Syphilis
932	0933	Syphilis
933	0934	Syphilis
934	0935	Syphilis
935	0936	Syphilis
936	0937	Syphilis
937	0938	Syphilis
938	0939	Syphilis
939	0940	Syphilis
940	0941	Syphilis
941	0942	Syphilis
942	0943	Syphilis
943	0944	Syphilis
944	0945	Table des auteurs
