pb	[s. pag.]	0001	477056
entry	[Page de faux-titre]		
pb	[s. pag.]	0002	477057
entry	Impimeur		
pb	[s. pag.]	0003	477058
entry	[Page de titre]		
pb	[s. pag.]	0004	477059
entry	Lettre R		
entry	Races humaines		
pb	2	0005	477060
pb	3	0006	477061
pb	4	0007	477062
pb	5	0008	477063
pb	6	0009	477064
pb	7	0010	477065
pb	8	0011	477066
pb	9	0012	477067
pb	10	0013	477068
pb	11	0014	477069
pb	12	0015	477070
pb	13	0016	477071
pb	14	0017	477072
pb	15	0018	477073
pb	16	0019	477074
pb	17	0020	477075
pb	18	0021	477076
pb	19	0022	477077
pb	20	0023	477078
pb	21	0024	477079
pb	22	0025	477080
entry	Rachis		
pb	23	0026	477081
pb	24	0027	477082
pb	25	0028	477083
pb	26	0029	477084
pb	27	0030	477085
pb	28	0031	477086
pb	29	0032	477087
pb	30	0033	477088
pb	31	0034	477089
pb	32	0035	477090
pb	33	0036	477091
pb	34	0037	477092
pb	35	0038	477093
pb	36	0039	477094
pb	37	0040	477095
pb	38	0041	477096
pb	39	0042	477097
pb	40	0043	477098
pb	41	0044	477099
pb	42	0045	477100
pb	43	0046	477101
pb	44	0047	477102
pb	45	0048	477103
pb	46	0049	477104
pb	47	0050	477105
pb	48	0051	477106
pb	49	0052	477107
pb	50	0053	477108
pb	51	0054	477109
pb	52	0055	477110
pb	53	0056	477111
pb	54	0057	477112
pb	55	0058	477113
pb	56	0059	477114
pb	57	0060	477115
pb	58	0061	477116
pb	59	0062	477117
pb	60	0063	477118
pb	61	0064	477119
pb	62	0065	477120
pb	63	0066	477121
pb	64	0067	477122
pb	65	0068	477123
pb	66	0069	477124
pb	67	0070	477125
pb	68	0071	477126
pb	69	0072	477127
pb	70	0073	477128
pb	71	0074	477129
pb	72	0075	477130
pb	73	0076	477131
pb	74	0077	477132
pb	75	0078	477133
pb	76	0079	477134
pb	77	0080	477135
pb	78	0081	477136
pb	79	0082	477137
pb	80	0083	477138
pb	81	0084	477139
pb	82	0085	477140
pb	83	0086	477141
pb	84	0087	477142
pb	85	0088	477143
pb	86	0089	477144
pb	87	0090	477145
pb	88	0091	477146
pb	89	0092	477147
pb	90	0093	477148
pb	91	0094	477149
pb	92	0095	477150
pb	93	0096	477151
pb	94	0097	477152
pb	95	0098	477153
pb	96	0099	477154
pb	97	0100	477155
pb	98	0101	477156
pb	99	0102	477157
pb	100	0103	477158
pb	101	0104	477159
pb	102	0105	477160
pb	103	0106	477161
pb	104	0107	477162
pb	105	0108	477163
pb	106	0109	477164
pb	107	0110	477165
pb	108	0111	477166
pb	109	0112	477167
pb	110	0113	477168
pb	111	0114	477169
pb	112	0115	477170
pb	113	0116	477171
pb	114	0117	477172
pb	115	0118	477173
pb	116	0119	477174
pb	117	0120	477175
pb	118	0121	477176
pb	119	0122	477177
pb	120	0123	477178
pb	121	0124	477179
pb	122	0125	477180
pb	123	0126	477181
pb	124	0127	477182
pb	125	0128	477183
pb	126	0129	477184
pb	127	0130	477185
pb	128	0131	477186
pb	129	0132	477187
pb	130	0133	477188
pb	131	0134	477189
pb	132	0135	477190
pb	133	0136	477191
pb	134	0137	477192
pb	135	0138	477193
pb	136	0139	477194
pb	137	0140	477195
pb	138	0141	477196
pb	139	0142	477197
pb	140	0143	477198
pb	141	0144	477199
pb	142	0145	477200
pb	143	0146	477201
pb	144	0147	477202
pb	145	0148	477203
pb	146	0149	477204
pb	147	0150	477205
pb	148	0151	477206
pb	149	0152	477207
pb	150	0153	477208
pb	151	0154	477209
pb	152	0155	477210
pb	153	0156	477211
pb	154	0157	477212
entry	Rachitisme, Rachitis		
orth	Rachitisme		
orth	Rachitis		
pb	155	0158	477213
pb	156	0159	477214
pb	157	0160	477215
pb	158	0161	477216
pb	159	0162	477217
pb	160	0163	477218
pb	161	0164	477219
pb	162	0165	477220
pb	163	0166	477221
pb	164	0167	477222
pb	165	0168	477223
pb	166	0169	477224
pb	167	0170	477225
pb	168	0171	477226
pb	169	0172	477227
pb	170	0173	477228
pb	171	0174	477229
pb	172	0175	477230
pb	173	0176	477231
pb	174	0177	477232
pb	175	0178	477233
pb	176	0179	477234
pb	177	0180	477235
pb	178	0181	477236
pb	179	0182	477237
pb	180	0183	477238
pb	181	0184	477239
entry	Rafraichissant		
entry	Rage		
pb	182	0185	477240
pb	183	0186	477241
pb	184	0187	477242
pb	185	0188	477243
pb	186	0189	477244
pb	187	0190	477245
pb	188	0191	477246
pb	189	0192	477247
pb	190	0193	477248
pb	191	0194	477249
pb	192	0195	477250
pb	193	0196	477251
pb	194	0197	477252
pb	195	0198	477253
pb	196	0199	477254
pb	197	0200	477255
pb	198	0201	477256
pb	199	0202	477257
pb	200	0203	477258
pb	201	0204	477259
pb	202	0205	477260
pb	203	0206	477261
pb	204	0207	477262
pb	205	0208	477263
entry	Raifort		
entry	Ramollissement cerebral		
pb	206	0209	477264
pb	207	0210	477265
pb	208	0211	477266
pb	209	0212	477267
pb	210	0213	477268
pb	211	0214	477269
pb	212	0215	477270
pb	213	0216	477271
pb	214	0217	477272
pb	215	0218	477273
pb	216	0219	477274
pb	217	0220	477275
pb	218	0221	477276
pb	219	0222	477277
pb	220	0223	477278
pb	221	0224	477279
pb	222	0225	477280
pb	223	0226	477281
pb	224	0227	477282
pb	225	0228	477283
pb	226	0229	477284
pb	227	0230	477285
pb	228	0231	477286
entry	Rapport		
pb	229	0232	477287
pb	230	0233	477288
pb	231	0234	477289
pb	232	0235	477290
pb	233	0236	477291
entry	Ratanhia		
pb	234	0237	477292
pb	235	0238	477293
pb	236	0239	477294
entry	Rate		
pb	237	0240	477295
pb	238	0241	477296
pb	239	0242	477297
pb	240	0243	477298
pb	241	0244	477299
pb	242	0245	477300
pb	243	0246	477301
pb	244	0247	477302
pb	245	0248	477303
pb	246	0249	477304
pb	247	0250	477305
pb	248	0251	477306
pb	249	0252	477307
pb	250	0253	477308
pb	251	0254	477309
pb	252	0255	477310
pb	253	0256	477311
pb	254	0257	477312
pb	255	0258	477313
pb	256	0259	477314
pb	257	0260	477315
pb	258	0261	477316
pb	259	0262	477317
pb	260	0263	477318
pb	261	0264	477319
pb	262	0265	477320
pb	263	0266	477321
pb	264	0267	477322
pb	265	0268	477323
pb	266	0269	477324
pb	267	0270	477325
pb	268	0271	477326
pb	269	0272	477327
pb	270	0273	477328
entry	Rectum		
pb	271	0274	477329
pb	272	0275	477330
pb	273	0276	477331
pb	274	0277	477332
pb	275	0278	477333
pb	276	0279	477334
pb	277	0280	477335
pb	278	0281	477336
pb	279	0282	477337
pb	280	0283	477338
pb	281	0284	477339
pb	282	0285	477340
pb	283	0286	477341
pb	284	0287	477342
pb	285	0288	477343
pb	286	0289	477344
pb	287	0290	477345
pb	288	0291	477346
pb	289	0292	477347
pb	290	0293	477348
pb	291	0294	477349
pb	292	0295	477350
pb	293	0296	477351
pb	294	0297	477352
pb	295	0298	477353
pb	296	0299	477354
pb	297	0300	477355
pb	298	0301	477356
pb	299	0302	477357
pb	300	0303	477358
pb	301	0304	477359
pb	302	0305	477360
pb	303	0306	477361
pb	304	0307	477362
pb	305	0308	477363
pb	306	0309	477364
pb	307	0310	477365
pb	308	0311	477366
pb	309	0312	477367
pb	310	0313	477368
pb	311	0314	477369
entry	Regime		
entry	Rein		
pb	312	0315	477370
pb	313	0316	477371
pb	314	0317	477372
pb	315	0318	477373
pb	316	0319	477374
pb	317	0320	477375
pb	318	0321	477376
pb	319	0322	477377
pb	320	0323	477378
pb	321	0324	477379
pb	322	0325	477380
pb	323	0326	477381
pb	324	0327	477382
pb	325	0328	477383
pb	326	0329	477384
pb	327	0330	477385
pb	328	0331	477386
pb	329	0332	477387
pb	330	0333	477388
pb	331	0334	477389
pb	332	0335	477390
pb	333	0336	477391
pb	334	0337	477392
pb	335	0338	477393
pb	336	0339	477394
pb	337	0340	477395
pb	338	0341	477396
pb	339	0342	477397
pb	340	0343	477398
pb	341	0344	477399
pb	342	0345	477400
pb	343	0346	477401
pb	344	0347	477402
pb	345	0348	477403
pb	346	0349	477404
pb	347	0350	477405
pb	348	0351	477406
pb	349	0352	477407
pb	350	0353	477408
pb	351	0354	477409
pb	352	0355	477410
pb	353	0356	477411
pb	354	0357	477412
pb	355	0358	477413
pb	356	0359	477414
pb	357	0360	477415
pb	358	0361	477416
pb	359	0362	477417
pb	360	0363	477418
pb	361	0364	477419
pb	362	0365	477420
pb	363	0366	477421
pb	364	0367	477422
pb	365	0368	477423
pb	366	0369	477424
pb	367	0370	477425
pb	368	0371	477426
pb	369	0372	477427
pb	370	0373	477428
pb	371	0374	477429
pb	372	0375	477430
pb	373	0376	477431
pb	374	0377	477432
pb	375	0378	477433
pb	376	0379	477434
pb	377	0380	477435
pb	378	0381	477436
pb	379	0382	477437
pb	380	0383	477438
pb	381	0384	477439
pb	382	0385	477440
pb	383	0386	477441
pb	384	0387	477442
pb	385	0388	477443
entry	Rémittente		
pb	386	0389	477444
pb	387	0390	477445
pb	388	0391	477446
pb	389	0392	477447
pb	390	0393	477448
pb	391	0394	477449
pb	392	0395	477450
pb	393	0396	477451
pb	394	0397	477452
entry	Renonculancées		
pb	395	0398	477453
entry	Renoncule		
pb	396	0399	477454
pb	397	0400	477455
entry	Repercussif		
pb	398	0401	477456
pb	399	0402	477457
pb	400	0403	477458
pb	401	0404	477459
pb	402	0405	477460
entry	Resection		
pb	403	0406	477461
pb	404	0407	477462
pb	405	0408	477463
pb	406	0409	477464
pb	407	0410	477465
pb	408	0411	477466
pb	409	0412	477467
pb	410	0413	477468
pb	411	0414	477469
pb	412	0415	477470
pb	413	0416	477471
entry	Resolutif, Resolvant		
orth	Resolutif		
orth	Resolvant		
pb	414	0417	477472
pb	415	0418	477473
entry	Respiration		
pb	416	0419	477474
pb	417	0420	477475
pb	418	0421	477476
pb	419	0422	477477
pb	420	0423	477478
pb	421	0424	477479
pb	422	0425	477480
pb	423	0426	477481
pb	424	0427	477482
pb	425	0428	477483
pb	426	0429	477484
pb	427	0430	477485
pb	428	0431	477486
pb	429	0432	477487
pb	430	0433	477488
pb	431	0434	477489
pb	432	0435	477490
pb	433	0436	477491
pb	434	0437	477492
pb	435	0438	477493
pb	436	0439	477494
pb	437	0440	477495
pb	438	0441	477496
pb	439	0442	477497
pb	440	0443	477498
pb	441	0444	477499
pb	442	0445	477500
pb	443	0446	477501
pb	444	0447	477502
pb	445	0448	477503
pb	446	0449	477504
pb	447	0450	477505
pb	448	0451	477506
pb	449	0452	477507
pb	450	0453	477508
pb	451	0454	477509
pb	452	0455	477510
pb	453	0456	477511
pb	454	0457	477512
pb	455	0458	477513
pb	456	0459	477514
pb	457	0460	477515
pb	458	0461	477516
pb	459	0462	477517
pb	460	0463	477518
pb	461	0464	477519
pb	462	0465	477520
pb	463	0466	477521
pb	464	0467	477522
pb	465	0468	477523
pb	466	0469	477524
pb	467	0470	477525
pb	468	0471	477526
pb	469	0472	477527
pb	470	0473	477528
pb	471	0474	477529
pb	472	0475	477530
pb	473	0476	477531
pb	474	0477	477532
pb	475	0478	477533
pb	476	0479	477534
pb	477	0480	477535
pb	478	0481	477536
pb	479	0482	477537
pb	480	0483	477538
pb	481	0484	477539
pb	482	0485	477540
pb	483	0486	477541
pb	484	0487	477542
pb	485	0488	477543
pb	486	0489	477544
pb	487	0490	477545
pb	488	0491	477546
pb	489	0492	477547
pb	490	0493	477548
pb	491	0494	477549
pb	492	0495	477550
entry	Rétention d'urine		
pb	493	0496	477551
pb	494	0497	477552
pb	495	0498	477553
pb	496	0499	477554
pb	497	0500	477555
pb	498	0501	477556
pb	499	0502	477557
pb	500	0503	477558
pb	501	0504	477559
pb	502	0505	477560
pb	503	0506	477561
pb	504	0507	477562
pb	505	0508	477563
pb	506	0509	477564
pb	507	0510	477565
pb	508	0511	477566
pb	509	0512	477567
pb	510	0513	477568
pb	511	0514	477569
pb	512	0515	477570
pb	513	0516	477571
pb	514	0517	477572
pb	515	0518	477573
pb	516	0519	477574
entry	Retine		
pb	517	0520	477575
pb	518	0521	477576
pb	519	0522	477577
pb	520	0523	477578
pb	521	0524	477579
pb	522	0525	477580
entry	Retrecissement		
entry	Retroversion		
entry	Revulsion		
pb	523	0526	477581
pb	524	0527	477582
pb	525	0528	477583
pb	526	0529	477584
pb	527	0530	477585
pb	528	0531	477586
pb	529	0532	477587
pb	530	0533	477588
pb	531	0534	477589
entry	Rhagades		
pb	532	0535	477590
pb	533	0536	477591
pb	534	0537	477592
pb	535	0538	477593
pb	536	0539	477594
pb	537	0540	477595
pb	538	0541	477596
pb	539	0542	477597
entry	Rhamnées		
pb	540	0543	477598
pb	541	0544	477599
entry	Rhubarbe		
pb	542	0545	477600
pb	543	0546	477601
pb	544	0547	477602
pb	545	0548	477603
pb	546	0549	477604
pb	547	0550	477605
entry	Rhumatisme		
pb	548	0551	477606
pb	549	0552	477607
pb	550	0553	477608
pb	551	0554	477609
pb	552	0555	477610
pb	553	0556	477611
pb	554	0557	477612
pb	555	0558	477613
pb	556	0559	477614
pb	557	0560	477615
pb	558	0561	477616
pb	559	0562	477617
pb	560	0563	477618
pb	561	0564	477619
pb	562	0565	477620
pb	563	0566	477621
pb	564	0567	477622
pb	565	0568	477623
pb	566	0569	477624
pb	567	0570	477625
pb	568	0571	477626
pb	569	0572	477627
pb	570	0573	477628
pb	571	0574	477629
pb	572	0575	477630
pb	573	0576	477631
pb	574	0577	477632
pb	575	0578	477633
pb	576	0579	477634
pb	577	0580	477635
pb	578	0581	477636
pb	579	0582	477637
pb	580	0583	477638
pb	581	0584	477639
pb	582	0585	477640
pb	583	0586	477641
pb	584	0587	477642
pb	585	0588	477643
pb	586	0589	477644
pb	587	0590	477645
pb	588	0591	477646
pb	589	0592	477647
pb	590	0593	477648
pb	591	0594	477649
pb	592	0595	477650
pb	593	0596	477651
pb	594	0597	477652
pb	595	0598	477653
pb	596	0599	477654
pb	597	0600	477655
pb	598	0601	477656
pb	599	0602	477657
pb	600	0603	477658
pb	601	0604	477659
pb	602	0605	477660
pb	603	0606	477661
pb	604	0607	477662
pb	605	0608	477663
pb	606	0609	477664
pb	607	0610	477665
pb	608	0611	477666
pb	609	0612	477667
pb	610	0613	477668
pb	611	0614	477669
pb	612	0615	477670
pb	613	0616	477671
pb	614	0617	477672
pb	615	0618	477673
pb	616	0619	477674
entry	Rhume		
entry	Rhus toxicodendron		
entry	Ricin		
pb	617	0620	477675
pb	618	0621	477676
pb	619	0622	477677
entry	Riz		
pb	620	0623	477678
entry	Rob		
entry	Rosacées		
pb	621	0624	477679
pb	622	0625	477680
pb	623	0626	477681
pb	624	0627	477682
pb	625	0628	477683
entry	Roseole		
pb	626	0629	477684
pb	627	0630	477685
pb	628	0631	477686
pb	629	0632	477687
pb	630	0633	477688
entry	Rotule		
pb	631	0634	477689
pb	632	0635	477690
pb	633	0636	477691
pb	634	0637	477692
pb	635	0638	477693
pb	636	0639	477694
pb	637	0640	477695
pb	638	0641	477696
pb	639	0642	477697
pb	640	0643	477698
pb	641	0644	477699
pb	642	0645	477700
pb	643	0646	477701
pb	644	0647	477702
pb	645	0648	477703
pb	646	0649	477704
pb	647	0650	477705
pb	648	0651	477706
pb	649	0652	477707
pb	650	0653	477708
pb	651	0654	477709
pb	652	0655	477710
pb	653	0656	477711
pb	654	0657	477712
pb	655	0658	477713
pb	656	0659	477714
entry	Rougeole		
pb	657	0660	477715
pb	658	0661	477716
pb	659	0662	477717
pb	660	0663	477718
pb	661	0664	477719
pb	662	0665	477720
pb	663	0666	477721
pb	664	0667	477722
pb	665	0668	477723
pb	666	0669	477724
pb	667	0670	477725
pb	668	0671	477726
pb	669	0672	477727
pb	670	0673	477728
pb	671	0674	477729
pb	672	0675	477730
pb	673	0676	477731
pb	674	0677	477732
pb	675	0678	477733
pb	676	0679	477734
pb	677	0680	477735
pb	678	0681	477736
pb	679	0682	477737
pb	680	0683	477738
pb	681	0684	477739
pb	682	0685	477740
pb	683	0686	477741
pb	684	0687	477742
pb	685	0688	477743
pb	686	0689	477744
entry	Rubefiant		
pb	687	0690	477745
pb	688	0691	477746
entry	Rubiacées		
pb	689	0692	477747
pb	690	0693	477748
pb	691	0694	477749
pb	692	0695	477750
entry	Rue		
pb	693	0696	477751
pb	694	0697	477752
pb	695	0698	477753
entry	Rupia		
pb	696	0699	477754
pb	697	0700	477755
pb	698	0701	477756
pb	699	0702	477757
pb	700	0703	477758
entry	Rupture		
entry	Rutacées		
pb	701	0704	477759
pb	[s. pag.]	0705	477760
entry	Table des principaux articles contenus dans ce volume		
pb	[s. pag.]	0706	477761
entry	Table alphabétique des matières		
pb	704	0707	477762
